        TIME,    TIDE,      OB,   SURGE,    BIAS,     TWL,SURGE90p,  TWL90p,SURGE10p,   TWL10p
202605140600,   1.221,   1.820,   0.000,   0.599,   1.820,   0.000,   1.820,   0.100,   1.920
202605140606,   1.332,9999.000,9999.000,9999.000,9999.000,9999.000,9999.000,9999.000,9999.000
202605140612,   1.445,   2.040,9999.000,9999.000,9999.000,9999.000,9999.000,9999.000,9999.000
202605140618,   1.562,9999.000,9999.000,9999.000,9999.000,9999.000,9999.000,9999.000,9999.000
202605140624,   1.681,   2.259,9999.000,9999.000,9999.000,9999.000,9999.000,9999.000,9999.000
202605140630,   1.802,9999.000,9999.000,9999.000,9999.000,9999.000,9999.000,9999.000,9999.000
202605140636,   1.924,   2.479,9999.000,9999.000,9999.000,9999.000,9999.000,9999.000,9999.000
202605140642,   2.047,9999.000,9999.000,9999.000,9999.000,9999.000,9999.000,9999.000,9999.000
202605140648,   2.171,   2.709,9999.000,9999.000,9999.000,9999.000,9999.000,9999.000,9999.000
202605140654,   2.295,9999.000,9999.000,9999.000,9999.000,9999.000,9999.000,9999.000,9999.000
202605140700,   2.418,   2.938,   0.000,   0.520,   2.938,   0.000,   2.938,   0.100,   3.038
202605140706,   2.540,   3.060,9999.000,9999.000,9999.000,9999.000,9999.000,9999.000,9999.000
202605140712,   2.662,   3.188,9999.000,9999.000,9999.000,9999.000,9999.000,9999.000,9999.000
202605140718,   2.781,   3.329,9999.000,9999.000,9999.000,9999.000,9999.000,9999.000,9999.000
202605140724,   2.899,   3.427,9999.000,9999.000,9999.000,9999.000,9999.000,9999.000,9999.000
202605140730,   3.015,   3.558,9999.000,9999.000,9999.000,9999.000,9999.000,9999.000,9999.000
202605140736,   3.129,   3.680,9999.000,9999.000,9999.000,9999.000,9999.000,9999.000,9999.000
202605140742,   3.240,   3.808,9999.000,9999.000,9999.000,9999.000,9999.000,9999.000,9999.000
202605140748,   3.348,   3.929,9999.000,9999.000,9999.000,9999.000,9999.000,9999.000,9999.000
202605140754,   3.453,   4.037,9999.000,9999.000,9999.000,9999.000,9999.000,9999.000,9999.000
202605140800,   3.555,   4.178,   0.000,   0.623,   4.178,   0.000,   4.178,   0.100,   4.278
202605140806,   3.654,   4.280,9999.000,9999.000,9999.000,9999.000,9999.000,9999.000,9999.000
202605140812,   3.749,   4.378,9999.000,9999.000,9999.000,9999.000,9999.000,9999.000,9999.000
202605140818,   3.841,   4.467,9999.000,9999.000,9999.000,9999.000,9999.000,9999.000,9999.000
202605140824,   3.930,   4.559,9999.000,9999.000,9999.000,9999.000,9999.000,9999.000,9999.000
202605140830,   4.014,   4.618,9999.000,9999.000,9999.000,9999.000,9999.000,9999.000,9999.000
202605140836,   4.095,   4.729,9999.000,9999.000,9999.000,9999.000,9999.000,9999.000,9999.000
202605140842,   4.172,   4.788,9999.000,9999.000,9999.000,9999.000,9999.000,9999.000,9999.000
202605140848,   4.245,   4.867,9999.000,9999.000,9999.000,9999.000,9999.000,9999.000,9999.000
202605140854,   4.315,   4.929,9999.000,9999.000,9999.000,9999.000,9999.000,9999.000,9999.000
202605140900,   4.379,   5.018,   0.100,   0.539,   5.018,   0.000,   4.918,   0.100,   5.018
202605140906,   4.440,   5.067,9999.000,9999.000,9999.000,9999.000,9999.000,9999.000,9999.000
202605140912,   4.496,   5.139,9999.000,9999.000,9999.000,9999.000,9999.000,9999.000,9999.000
202605140918,   4.548,   5.188,9999.000,9999.000,9999.000,9999.000,9999.000,9999.000,9999.000
202605140924,   4.595,   5.257,9999.000,9999.000,9999.000,9999.000,9999.000,9999.000,9999.000
202605140930,   4.637,   5.287,9999.000,9999.000,9999.000,9999.000,9999.000,9999.000,9999.000
202605140936,   4.674,   5.297,9999.000,9999.000,9999.000,9999.000,9999.000,9999.000,9999.000
202605140942,   4.706,   5.349,9999.000,9999.000,9999.000,9999.000,9999.000,9999.000,9999.000
202605140948,   4.733,   5.379,9999.000,9999.000,9999.000,9999.000,9999.000,9999.000,9999.000
202605140954,   4.754,   5.369,9999.000,9999.000,9999.000,9999.000,9999.000,9999.000,9999.000
202605141000,   4.770,   5.369,   0.100,   0.499,   5.369,   0.000,   5.269,   0.200,   5.469
202605141006,   4.779,   5.408,9999.000,9999.000,9999.000,9999.000,9999.000,9999.000,9999.000
202605141012,   4.783,   5.389,9999.000,9999.000,9999.000,9999.000,9999.000,9999.000,9999.000
202605141018,   4.781,   5.398,9999.000,9999.000,9999.000,9999.000,9999.000,9999.000,9999.000
202605141024,   4.772,   5.389,9999.000,9999.000,9999.000,9999.000,9999.000,9999.000,9999.000
202605141030,   4.757,   5.389,9999.000,9999.000,9999.000,9999.000,9999.000,9999.000,9999.000
202605141036,   4.736,   5.379,9999.000,9999.000,9999.000,9999.000,9999.000,9999.000,9999.000
202605141042,   4.708,   5.329,9999.000,9999.000,9999.000,9999.000,9999.000,9999.000,9999.000
202605141048,   4.674,   5.297,9999.000,9999.000,9999.000,9999.000,9999.000,9999.000,9999.000
202605141054,   4.633,   5.247,9999.000,9999.000,9999.000,9999.000,9999.000,9999.000,9999.000
202605141100,   4.586,   5.218,   0.100,   0.532,   5.218,   0.100,   5.218,   0.200,   5.318
202605141106,   4.533,   5.110,9999.000,9999.000,9999.000,9999.000,9999.000,9999.000,9999.000
202605141112,   4.473,   5.067,9999.000,9999.000,9999.000,9999.000,9999.000,9999.000,9999.000
202605141118,   4.408,   4.988,9999.000,9999.000,9999.000,9999.000,9999.000,9999.000,9999.000
202605141124,   4.336,   4.900,9999.000,9999.000,9999.000,9999.000,9999.000,9999.000,9999.000
202605141130,   4.259,   4.818,9999.000,9999.000,9999.000,9999.000,9999.000,9999.000,9999.000
202605141136,   4.176,   4.749,9999.000,9999.000,9999.000,9999.000,9999.000,9999.000,9999.000
202605141142,   4.088,   4.637,9999.000,9999.000,9999.000,9999.000,9999.000,9999.000,9999.000
202605141148,   3.996,   4.549,9999.000,9999.000,9999.000,9999.000,9999.000,9999.000,9999.000
202605141154,   3.899,   4.437,9999.000,9999.000,9999.000,9999.000,9999.000,9999.000,9999.000
202605141200,   3.797,   4.329,   0.200,   0.332,   4.329,   0.200,   4.329,   0.300,   4.429
202605141206,   3.692,   4.198,9999.000,9999.000,9999.000,9999.000,9999.000,9999.000,9999.000
202605141212,   3.584,   4.099,9999.000,9999.000,9999.000,9999.000,9999.000,9999.000,9999.000
202605141218,   3.473,   3.988,9999.000,9999.000,9999.000,9999.000,9999.000,9999.000,9999.000
202605141224,   3.359,   3.837,9999.000,9999.000,9999.000,9999.000,9999.000,9999.000,9999.000
202605141230,   3.242,   3.699,9999.000,9999.000,9999.000,9999.000,9999.000,9999.000,9999.000
202605141236,   3.124,   3.598,9999.000,9999.000,9999.000,9999.000,9999.000,9999.000,9999.000
202605141242,   3.005,   3.460,9999.000,9999.000,9999.000,9999.000,9999.000,9999.000,9999.000
202605141248,   2.885,   3.329,9999.000,9999.000,9999.000,9999.000,9999.000,9999.000,9999.000
202605141254,   2.764,   3.230,9999.000,9999.000,9999.000,9999.000,9999.000,9999.000,9999.000
202605141300,   2.643,   3.119,   0.200,   0.276,   3.119,   0.200,   3.119,   0.300,   3.219
202605141306,   2.522,   2.978,9999.000,9999.000,9999.000,9999.000,9999.000,9999.000,9999.000
202605141312,   2.401,   2.860,9999.000,9999.000,9999.000,9999.000,9999.000,9999.000,9999.000
202605141318,   2.281,   2.748,9999.000,9999.000,9999.000,9999.000,9999.000,9999.000,9999.000
202605141324,   2.162,   2.630,9999.000,9999.000,9999.000,9999.000,9999.000,9999.000,9999.000
202605141330,   2.044,   2.499,9999.000,9999.000,9999.000,9999.000,9999.000,9999.000,9999.000
202605141336,   1.928,   2.348,9999.000,9999.000,9999.000,9999.000,9999.000,9999.000,9999.000
202605141342,   1.814,   2.240,9999.000,9999.000,9999.000,9999.000,9999.000,9999.000,9999.000
202605141348,   1.701,   2.128,9999.000,9999.000,9999.000,9999.000,9999.000,9999.000,9999.000
202605141354,   1.590,   2.000,9999.000,9999.000,9999.000,9999.000,9999.000,9999.000,9999.000
202605141400,   1.482,   1.869,   0.200,   0.187,   1.869,   0.200,   1.869,   0.300,   1.969
202605141406,   1.376,   1.758,9999.000,9999.000,9999.000,9999.000,9999.000,9999.000,9999.000
202605141412,   1.273,   1.649,9999.000,9999.000,9999.000,9999.000,9999.000,9999.000,9999.000
202605141418,   1.172,   1.528,9999.000,9999.000,9999.000,9999.000,9999.000,9999.000,9999.000
202605141424,   1.074,   1.420,9999.000,9999.000,9999.000,9999.000,9999.000,9999.000,9999.000
202605141430,   0.979,   1.328,9999.000,9999.000,9999.000,9999.000,9999.000,9999.000,9999.000
202605141436,   0.887,   1.151,9999.000,9999.000,9999.000,9999.000,9999.000,9999.000,9999.000
202605141442,   0.798,   1.079,9999.000,9999.000,9999.000,9999.000,9999.000,9999.000,9999.000
202605141448,   0.712,   1.020,9999.000,9999.000,9999.000,9999.000,9999.000,9999.000,9999.000
202605141454,   0.630,   0.908,9999.000,9999.000,9999.000,9999.000,9999.000,9999.000,9999.000
202605141500,   0.551,   0.800,   0.300,  -0.051,   0.800,   0.200,   0.700,   0.300,   0.800
202605141506,   0.477,   0.751,9999.000,9999.000,9999.000,9999.000,9999.000,9999.000,9999.000
202605141512,   0.406,   0.639,9999.000,9999.000,9999.000,9999.000,9999.000,9999.000,9999.000
202605141518,   0.340,   0.570,9999.000,9999.000,9999.000,9999.000,9999.000,9999.000,9999.000
202605141524,   0.278,   0.498,9999.000,9999.000,9999.000,9999.000,9999.000,9999.000,9999.000
202605141530,   0.221,   0.449,9999.000,9999.000,9999.000,9999.000,9999.000,9999.000,9999.000
202605141536,   0.168,   0.400,9999.000,9999.000,9999.000,9999.000,9999.000,9999.000,9999.000
202605141542,   0.121,   0.360,9999.000,9999.000,9999.000,9999.000,9999.000,9999.000,9999.000
202605141548,   0.080,   0.331,9999.000,9999.000,9999.000,9999.000,9999.000,9999.000,9999.000
202605141554,   0.044,   0.278,9999.000,9999.000,9999.000,9999.000,9999.000,9999.000,9999.000
202605141600,   0.014,   0.278,   0.300,  -0.036,   0.278,   0.300,   0.278,   0.400,   0.378
202605141606,  -0.008,   0.288,9999.000,9999.000,9999.000,9999.000,9999.000,9999.000,9999.000
202605141612,  -0.025,   0.259,9999.000,9999.000,9999.000,9999.000,9999.000,9999.000,9999.000
202605141618,  -0.035,   0.259,9999.000,9999.000,9999.000,9999.000,9999.000,9999.000,9999.000
202605141624,  -0.037,   0.259,9999.000,9999.000,9999.000,9999.000,9999.000,9999.000,9999.000
202605141630,  -0.033,   0.298,9999.000,9999.000,9999.000,9999.000,9999.000,9999.000,9999.000
202605141636,  -0.021,   0.288,9999.000,9999.000,9999.000,9999.000,9999.000,9999.000,9999.000
202605141642,  -0.001,   0.308,9999.000,9999.000,9999.000,9999.000,9999.000,9999.000,9999.000
202605141648,   0.026,   0.360,9999.000,9999.000,9999.000,9999.000,9999.000,9999.000,9999.000
202605141654,   0.061,   0.400,9999.000,9999.000,9999.000,9999.000,9999.000,9999.000,9999.000
202605141700,   0.105,   0.449,   0.400,  -0.056,   0.449,   0.300,   0.349,   0.400,   0.449
202605141706,   0.157,   0.508,9999.000,9999.000,9999.000,9999.000,9999.000,9999.000,9999.000
202605141712,   0.217,   0.590,9999.000,9999.000,9999.000,9999.000,9999.000,9999.000,9999.000
202605141718,   0.284,   0.688,9999.000,9999.000,9999.000,9999.000,9999.000,9999.000,9999.000
202605141724,   0.360,   0.760,9999.000,9999.000,9999.000,9999.000,9999.000,9999.000,9999.000
202605141730,   0.443,   0.859,9999.000,9999.000,9999.000,9999.000,9999.000,9999.000,9999.000
202605141736,   0.534,   0.951,9999.000,9999.000,9999.000,9999.000,9999.000,9999.000,9999.000
202605141742,   0.632,   1.069,9999.000,9999.000,9999.000,9999.000,9999.000,9999.000,9999.000
202605141748,   0.736,   1.180,9999.000,9999.000,9999.000,9999.000,9999.000,9999.000,9999.000
202605141754,   0.848,   1.298,9999.000,9999.000,9999.000,9999.000,9999.000,9999.000,9999.000
202605141800,   0.965,   1.439,   0.500,  -0.026,   1.439,   0.500,   1.439,   0.600,   1.539
202605141806,   1.088,   1.557,9999.000,9999.000,9999.000,9999.000,9999.000,9999.000,9999.000
202605141812,   1.216,   1.699,9999.000,9999.000,9999.000,9999.000,9999.000,9999.000,9999.000
202605141818,   1.350,   1.840,9999.000,9999.000,9999.000,9999.000,9999.000,9999.000,9999.000
202605141824,   1.487,   2.010,9999.000,9999.000,9999.000,9999.000,9999.000,9999.000,9999.000
202605141830,   1.628,   2.191,9999.000,9999.000,9999.000,9999.000,9999.000,9999.000,9999.000
202605141836,   1.772,   2.338,9999.000,9999.000,9999.000,9999.000,9999.000,9999.000,9999.000
202605141842,   1.919,   2.489,9999.000,9999.000,9999.000,9999.000,9999.000,9999.000,9999.000
202605141848,   2.069,   2.679,9999.000,9999.000,9999.000,9999.000,9999.000,9999.000,9999.000
202605141854,   2.219,   2.869,9999.000,9999.000,9999.000,9999.000,9999.000,9999.000,9999.000
202605141900,   2.371,   3.030,   0.500,   0.159,   3.030,   0.500,   3.030,   0.600,   3.130
202605141906,   2.523,   3.207,9999.000,9999.000,9999.000,9999.000,9999.000,9999.000,9999.000
202605141912,   2.676,   3.388,9999.000,9999.000,9999.000,9999.000,9999.000,9999.000,9999.000
202605141918,   2.828,   3.519,9999.000,9999.000,9999.000,9999.000,9999.000,9999.000,9999.000
202605141924,   2.979,   3.680,9999.000,9999.000,9999.000,9999.000,9999.000,9999.000,9999.000
202605141930,   3.128,   3.847,9999.000,9999.000,9999.000,9999.000,9999.000,9999.000,9999.000
202605141936,   3.276,   3.978,9999.000,9999.000,9999.000,9999.000,9999.000,9999.000,9999.000
202605141942,   3.422,   4.099,9999.000,9999.000,9999.000,9999.000,9999.000,9999.000,9999.000
202605141948,   3.565,   4.257,9999.000,9999.000,9999.000,9999.000,9999.000,9999.000,9999.000
202605141954,   3.705,   4.388,9999.000,9999.000,9999.000,9999.000,9999.000,9999.000,9999.000
202605142000,   3.843,   4.519,   0.600,   0.076,   4.519,   0.500,   4.419,   0.600,   4.519
202605142006,   3.977,   4.628,9999.000,9999.000,9999.000,9999.000,9999.000,9999.000,9999.000
202605142012,   4.107,   4.788,9999.000,9999.000,9999.000,9999.000,9999.000,9999.000,9999.000
202605142018,   4.234,   4.900,9999.000,9999.000,9999.000,9999.000,9999.000,9999.000,9999.000
202605142024,   4.357,   5.008,9999.000,9999.000,9999.000,9999.000,9999.000,9999.000,9999.000
202605142030,   4.475,   5.129,9999.000,9999.000,9999.000,9999.000,9999.000,9999.000,9999.000
202605142036,   4.589,   5.247,9999.000,9999.000,9999.000,9999.000,9999.000,9999.000,9999.000
202605142042,   4.699,   5.359,9999.000,9999.000,9999.000,9999.000,9999.000,9999.000,9999.000
202605142048,   4.805,   5.457,9999.000,9999.000,9999.000,9999.000,9999.000,9999.000,9999.000
202605142054,   4.906,   5.539,9999.000,9999.000,9999.000,9999.000,9999.000,9999.000,9999.000
202605142100,   5.002,   5.608,   0.600,   0.006,   5.608,   0.500,   5.508,   0.600,   5.608
202605142106,   5.093,   5.697,9999.000,9999.000,9999.000,9999.000,9999.000,9999.000,9999.000
202605142112,   5.180,   5.759,9999.000,9999.000,9999.000,9999.000,9999.000,9999.000,9999.000
202605142118,   5.261,   5.779,9999.000,9999.000,9999.000,9999.000,9999.000,9999.000,9999.000
202605142124,   5.337,   5.858,9999.000,9999.000,9999.000,9999.000,9999.000,9999.000,9999.000
202605142130,   5.408,   5.940,9999.000,9999.000,9999.000,9999.000,9999.000,9999.000,9999.000
202605142136,   5.474,   5.979,9999.000,9999.000,9999.000,9999.000,9999.000,9999.000,9999.000
202605142142,   5.534,   6.038,9999.000,9999.000,9999.000,9999.000,9999.000,9999.000,9999.000
202605142148,   5.588,   6.087,9999.000,9999.000,9999.000,9999.000,9999.000,9999.000,9999.000
202605142154,   5.637,   6.136,9999.000,9999.000,9999.000,9999.000,9999.000,9999.000,9999.000
202605142200,   5.680,   6.159,   0.600,  -0.121,   6.159,   0.500,   6.059,   0.700,   6.259
202605142206,   5.716,   6.228,9999.000,9999.000,9999.000,9999.000,9999.000,9999.000,9999.000
202605142212,   5.747,   6.228,9999.000,9999.000,9999.000,9999.000,9999.000,9999.000,9999.000
202605142218,   5.771,   6.248,9999.000,9999.000,9999.000,9999.000,9999.000,9999.000,9999.000
202605142224,   5.788,   6.268,9999.000,9999.000,9999.000,9999.000,9999.000,9999.000,9999.000
202605142230,   5.799,   6.277,9999.000,9999.000,9999.000,9999.000,9999.000,9999.000,9999.000
202605142236,   5.804,   6.228,9999.000,9999.000,9999.000,9999.000,9999.000,9999.000,9999.000
202605142242,   5.801,   6.258,9999.000,9999.000,9999.000,9999.000,9999.000,9999.000,9999.000
202605142248,   5.791,   6.248,9999.000,9999.000,9999.000,9999.000,9999.000,9999.000,9999.000
202605142254,   5.775,   6.189,9999.000,9999.000,9999.000,9999.000,9999.000,9999.000,9999.000
202605142300,   5.751,   6.169,   0.600,  -0.182,   6.169,   0.600,   6.169,   0.700,   6.269
202605142306,   5.720,   6.159,9999.000,9999.000,9999.000,9999.000,9999.000,9999.000,9999.000
202605142312,   5.682,   6.107,9999.000,9999.000,9999.000,9999.000,9999.000,9999.000,9999.000
202605142318,   5.637,   6.067,9999.000,9999.000,9999.000,9999.000,9999.000,9999.000,9999.000
202605142324,   5.585,   6.018,9999.000,9999.000,9999.000,9999.000,9999.000,9999.000,9999.000
202605142330,   5.527,   5.959,9999.000,9999.000,9999.000,9999.000,9999.000,9999.000,9999.000
202605142336,   5.461,   5.877,9999.000,9999.000,9999.000,9999.000,9999.000,9999.000,9999.000
202605142342,   5.389,   5.789,9999.000,9999.000,9999.000,9999.000,9999.000,9999.000,9999.000
202605142348,   5.310,   5.697,9999.000,9999.000,9999.000,9999.000,9999.000,9999.000,9999.000
202605142354,   5.226,   5.598,9999.000,9999.000,9999.000,9999.000,9999.000,9999.000,9999.000
202605150000,   5.135,   5.516,   0.500,  -0.119,   5.516,   0.400,   5.416,   0.500,   5.516
202605150006,   5.039,   5.428,9999.000,9999.000,9999.000,9999.000,9999.000,9999.000,9999.000
202605150012,   4.937,   5.320,9999.000,9999.000,9999.000,9999.000,9999.000,9999.000,9999.000
202605150018,   4.831,   5.218,9999.000,9999.000,9999.000,9999.000,9999.000,9999.000,9999.000
202605150024,   4.720,   5.159,9999.000,9999.000,9999.000,9999.000,9999.000,9999.000,9999.000
202605150030,   4.605,   5.038,9999.000,9999.000,9999.000,9999.000,9999.000,9999.000,9999.000
202605150036,   4.486,   4.929,9999.000,9999.000,9999.000,9999.000,9999.000,9999.000,9999.000
202605150042,   4.364,   4.818,9999.000,9999.000,9999.000,9999.000,9999.000,9999.000,9999.000
202605150048,   4.239,   4.719,9999.000,9999.000,9999.000,9999.000,9999.000,9999.000,9999.000
202605150054,   4.111,   4.608,9999.000,9999.000,9999.000,9999.000,9999.000,9999.000,9999.000
202605150100,   3.981,   4.480,   0.500,  -0.001,   4.480,   0.400,   4.380,   0.500,   4.480
202605150106,   3.849,   4.368,9999.000,9999.000,9999.000,9999.000,9999.000,9999.000,9999.000
202605150112,   3.716,   4.237,9999.000,9999.000,9999.000,9999.000,9999.000,9999.000,9999.000
202605150118,   3.581,   4.099,9999.000,9999.000,9999.000,9999.000,9999.000,9999.000,9999.000
202605150124,   3.446,   3.978,9999.000,9999.000,9999.000,9999.000,9999.000,9999.000,9999.000
202605150130,   3.311,   3.827,9999.000,9999.000,9999.000,9999.000,9999.000,9999.000,9999.000
202605150136,   3.175,   3.709,9999.000,9999.000,9999.000,9999.000,9999.000,9999.000,9999.000
202605150142,   3.040,   3.558,9999.000,9999.000,9999.000,9999.000,9999.000,9999.000,9999.000
202605150148,   2.905,   3.407,9999.000,9999.000,9999.000,9999.000,9999.000,9999.000,9999.000
202605150154,   2.771,   3.289,9999.000,9999.000,9999.000,9999.000,9999.000,9999.000,9999.000
202605150200,   2.638,   3.168,   0.400,   0.130,   3.168,   0.400,   3.168,   0.500,   3.268
202605150206,   2.507,   3.017,9999.000,9999.000,9999.000,9999.000,9999.000,9999.000,9999.000
202605150212,   2.376,   2.879,9999.000,9999.000,9999.000,9999.000,9999.000,9999.000,9999.000
202605150218,   2.247,   2.748,9999.000,9999.000,9999.000,9999.000,9999.000,9999.000,9999.000
202605150224,   2.120,   2.620,9999.000,9999.000,9999.000,9999.000,9999.000,9999.000,9999.000
202605150230,   1.994,   2.440,9999.000,9999.000,9999.000,9999.000,9999.000,9999.000,9999.000
202605150236,   1.871,   2.299,9999.000,9999.000,9999.000,9999.000,9999.000,9999.000,9999.000
202605150242,   1.749,   2.168,9999.000,9999.000,9999.000,9999.000,9999.000,9999.000,9999.000
202605150248,   1.630,   2.000,9999.000,9999.000,9999.000,9999.000,9999.000,9999.000,9999.000
202605150254,   1.513,   1.879,9999.000,9999.000,9999.000,9999.000,9999.000,9999.000,9999.000
202605150300,   1.399,   1.767,   0.400,  -0.032,   1.767,   0.400,   1.767,   0.500,   1.867
202605150306,   1.287,   1.630,9999.000,9999.000,9999.000,9999.000,9999.000,9999.000,9999.000
202605150312,   1.177,   1.498,9999.000,9999.000,9999.000,9999.000,9999.000,9999.000,9999.000
202605150318,   1.071,   1.410,9999.000,9999.000,9999.000,9999.000,9999.000,9999.000,9999.000
202605150324,   0.968,   1.298,9999.000,9999.000,9999.000,9999.000,9999.000,9999.000,9999.000
202605150330,   0.867,   1.190,9999.000,9999.000,9999.000,9999.000,9999.000,9999.000,9999.000
202605150336,   0.771,   1.088,9999.000,9999.000,9999.000,9999.000,9999.000,9999.000,9999.000
202605150342,   0.678,   0.990,9999.000,9999.000,9999.000,9999.000,9999.000,9999.000,9999.000
202605150348,   0.588,   0.888,9999.000,9999.000,9999.000,9999.000,9999.000,9999.000,9999.000
202605150354,   0.503,   0.780,9999.000,9999.000,9999.000,9999.000,9999.000,9999.000,9999.000
202605150400,   0.423,   0.708,   0.400,  -0.115,   0.708,   0.400,   0.708,   0.500,   0.808
202605150406,   0.346,   0.619,9999.000,9999.000,9999.000,9999.000,9999.000,9999.000,9999.000
202605150412,   0.275,   0.531,9999.000,9999.000,9999.000,9999.000,9999.000,9999.000,9999.000
202605150418,   0.210,   0.469,9999.000,9999.000,9999.000,9999.000,9999.000,9999.000,9999.000
202605150424,   0.149,   0.409,9999.000,9999.000,9999.000,9999.000,9999.000,9999.000,9999.000
202605150430,   0.095,   0.341,9999.000,9999.000,9999.000,9999.000,9999.000,9999.000,9999.000
202605150436,   0.047,   0.298,9999.000,9999.000,9999.000,9999.000,9999.000,9999.000,9999.000
202605150442,   0.005,   0.268,9999.000,9999.000,9999.000,9999.000,9999.000,9999.000,9999.000
202605150448,  -0.029,   0.239,9999.000,9999.000,9999.000,9999.000,9999.000,9999.000,9999.000
202605150454,  -0.057,   0.200,9999.000,9999.000,9999.000,9999.000,9999.000,9999.000,9999.000
202605150500,  -0.078,   0.190,   0.400,  -0.132,   0.190,   0.300,   0.090,   0.400,   0.190
202605150506,  -0.091,   0.200,9999.000,9999.000,9999.000,9999.000,9999.000,9999.000,9999.000
202605150512,  -0.097,   0.200,9999.000,9999.000,9999.000,9999.000,9999.000,9999.000,9999.000
202605150518,  -0.095,   0.219,9999.000,9999.000,9999.000,9999.000,9999.000,9999.000,9999.000
202605150524,  -0.085,   0.249,9999.000,9999.000,9999.000,9999.000,9999.000,9999.000,9999.000
202605150530,  -0.066,   0.278,9999.000,9999.000,9999.000,9999.000,9999.000,9999.000,9999.000
202605150536,  -0.040,   0.341,9999.000,9999.000,9999.000,9999.000,9999.000,9999.000,9999.000
202605150542,  -0.006,   0.400,9999.000,9999.000,9999.000,9999.000,9999.000,9999.000,9999.000
202605150548,   0.035,   0.469,9999.000,9999.000,9999.000,9999.000,9999.000,9999.000,9999.000
202605150554,   0.086,   0.551,9999.000,9999.000,9999.000,9999.000,9999.000,9999.000,9999.000
202605150600,   0.144,   0.639,   0.300,   0.195,   0.639,   0.200,   0.539,   0.300,   0.639
202605150606,   0.209,   0.731,9999.000,9999.000,9999.000,9999.000,9999.000,9999.000,9999.000
202605150612,   0.282,   0.829,9999.000,9999.000,9999.000,9999.000,9999.000,9999.000,9999.000
202605150618,   0.362,   0.941,9999.000,9999.000,9999.000,9999.000,9999.000,9999.000,9999.000
202605150624,   0.449,   1.059,9999.000,9999.000,9999.000,9999.000,9999.000,9999.000,9999.000
202605150630,   0.542,   1.170,9999.000,9999.000,9999.000,9999.000,9999.000,9999.000,9999.000
202605150636,   0.641,   1.289,9999.000,9999.000,9999.000,9999.000,9999.000,9999.000,9999.000
202605150642,   0.746,   1.400,9999.000,9999.000,9999.000,9999.000,9999.000,9999.000,9999.000
202605150648,   0.856,   1.508,9999.000,9999.000,9999.000,9999.000,9999.000,9999.000,9999.000
